"datetime","wtr_1","wtr_3","wtr_5","wtr_7","wtr_9","wtr_11","wtr_13","wtr_15","wtr_17","wtr_19"
0006-05-20,15.77,15,14.57,13.89,12.16,10.85,10.31,9.22,8.66,8.19
0006-06-20,15.85,15.04,14.16,13.21,12.1,11.14,10.64,9.52,8.64,8.32
0006-07-20,16.91,15.57,14.64,13.8,12.54,11.19,10.41,9.51,8.76,8.36
0006-08-20,17.12,15.97,14.74,13.48,12.23,11.33,10.76,9.65,8.8,8.5
0006-09-20,18.11,17.48,16.81,13.96,12.5,11.24,10.52,9.7,8.88,8.47
0006-10-20,19.08,18.67,16.89,13.93,12.47,11.45,10.77,9.75,8.94,8.56
0006-11-20,19.38,19.29,18.25,13.81,12.31,11.21,10.71,9.97,9.23,8.77
0006-12-20,18.91,18.59,16.85,14.35,12.99,11.56,10.81,10.07,9.38,8.96
0007-01-20,21.35,21.14,20.28,17.86,14,12.04,11.47,10.92,10.32,10.07
0007-02-20,22.44,21.74,20.39,17.7,13.85,12.12,11.54,10.92,10.33,10.05
0007-03-20,22.72,21.83,20.24,18.1,13.94,12.13,11.58,10.91,10.44,10.13
0007-04-20,23.92,22.13,20.34,18.34,14.11,12.13,11.51,10.91,10.38,10.18
0007-05-20,25.16,23.63,20.7,18.34,14.05,12.27,11.57,10.93,10.4,10.21
0007-06-20,26.07,24.68,20.86,18.26,14.13,12.29,11.56,10.98,10.51,10.24
0007-07-20,24.9,24.16,21.12,18.81,13.8,12.29,11.58,10.95,10.47,10.27
0007-08-20,24.98,24.27,21.56,18.29,13.94,12.25,11.58,10.91,10.44,10.24
0007-09-20,24.69,23.64,20.82,18.53,14.17,12.15,11.57,10.93,10.45,10.23
0007-10-20,24.32,23.97,21.73,18.53,14.05,12.36,11.58,10.98,10.47,10.26
0007-11-20,24.62,24.47,23.05,18.93,14.37,12.25,11.49,10.95,10.5,10.27
0007-12-20,24.34,24.21,23.69,18.48,14.32,12.41,11.63,10.98,10.49,10.32
0008-01-20,27.25,26.6,25.06,21.49,14.94,12.8,11.84,11.26,10.79,10.66
0008-02-20,26.98,26.55,25.91,21.15,14.74,12.69,11.87,11.25,10.78,10.63
0008-03-20,26.87,26.69,25.49,21.22,14.94,12.64,11.8,11.23,10.81,10.64
0008-04-20,26.54,26.44,24.99,21.16,14.99,12.72,11.84,11.23,10.81,10.66
0008-05-20,25.88,25.6,25.33,21.45,14.79,12.74,11.86,11.21,10.79,10.63
0008-06-20,25.68,25.6,25.4,-82.91,15.35,12.67,11.79,11.21,10.78,10.61
0008-07-20,25.48,25.45,25.36,-33.6,15.17,12.81,11.85,11.29,10.85,10.66
0008-08-20,25.28,25.25,25.17,-196.15,14.7,12.89,11.86,11.26,10.86,10.68
0008-09-20,25.41,25.12,24.96,0.64,15.25,12.83,11.9,11.26,10.85,10.68
0008-10-20,24.78,24.76,24.67,-39.34,15.06,12.91,12.01,11.25,10.84,10.7
0008-11-20,24.25,24.23,24.13,-134.74,15.11,12.89,11.98,11.31,10.86,10.65
0008-12-20,24.14,24.07,23.84,-245.42,15.03,12.86,11.96,11.29,10.87,10.67
0009-01-20,22.63,22.47,22.28,-273.14,17.9,13.29,12.08,11.35,10.94,10.79
0009-02-20,22.29,22.28,22.2,-273.14,17.87,13.3,12.1,11.33,10.94,10.75
0009-03-20,21.93,21.85,21.7,-273.14,17.66,13.39,12.11,11.36,10.96,10.74
0009-04-20,21.67,21.66,21.59,-273.14,20.64,13.33,12.17,11.4,10.94,10.77
0009-05-20,21.71,21.44,21.25,-273.14,18.4,13.63,12.2,11.46,10.96,10.76
0009-06-20,21.48,21.34,21.21,-273.14,18.88,13.71,12.17,11.43,10.95,10.75
0009-07-20,20.93,20.92,20.86,-273.14,17.76,13.85,12.19,11.41,10.99,10.81
0009-08-20,20.46,20.43,20.33,-273.14,18.87,13.77,12.21,11.4,10.94,10.8
0009-09-20,20.13,20.04,19.94,-273.14,19.12,13.78,12.14,11.39,10.97,10.77
0009-10-20,19.97,19.87,19.72,-46.65,19.31,13.93,12.19,11.38,10.94,10.79
0009-11-20,20.19,-1832.18,-3684.54,-1832.31,-5536.96,-5542.55,-1839.82,-1840.67,-1841.13,10.76
0009-12-20,19.83,19.78,-4526.72,-4526.76,-4527.42,-4531.82,12.09,-2261.59,-2262.04,-2262.23
NA,23.24,22.9,3.79,-93.32,-3.79,-5.95,11.72,11.06,-7.94,-8.18
