"datetime"	"wtr_1"	"wtr_3"	"wtr_5"	"wtr_7"	"wtr_9"	"wtr_11"	"wtr_13"	"wtr_15"	"wtr_17"	"wtr_19"
2015-05-03	8.6	8.27	7.76	7.33	7.06	6.82	6.54	6.09	5.68	5.57
2015-05-04	9.03	8.77	8.41	7.85	7.47	6.86	6.39	6.11	5.79	5.71
2015-05-05	9.76	9.3	8.76	8.05	7.39	6.83	6.46	6.23	5.96	5.83
2015-05-06	9.74	9.47	9.07	7.98	7.64	7.05	6.74	6.57	6.25	6.01
2015-05-12	13.24	12.93	12.6	10.83	8.19	7.26	6.93	6.75	6.52	6.38
2015-05-13	12.36	12.29	11.76	10.43	8.45	7.56	7.16	6.97	6.64	6.43
2015-05-14	12.77	12.31	11.97	11.28	9.51	7.92	7.41	7.18	6.88	6.77
2015-05-15	13.82	12.99	12.33	11.36	9.34	7.88	7.35	7.12	6.82	6.71
2015-05-16	14.66	14.37	13.2	10.9	9.52	8.46	7.55	7.22	6.89	6.74
2015-05-17	15.39	14.79	13.16	10.79	9.51	8.24	7.57	7.26	6.94	6.82
2015-05-18	16.33	15.76	14.08	12.01	10.01	8.31	7.57	7.24	6.96	6.86
2015-05-19	15.82	15.69	15.5	12.69	9.48	8.42	7.75	7.33	7	6.84
2015-05-20	15.65	15.43	14.37	10.82	9.5	8.56	7.77	7.44	7.06	6.93
2015-05-21	14.86	14.7	14.53	12.58	10.49	8.9	8.14	7.49	7.13	7.03
2015-05-22	14.77	14.62	14.36	12.16	10.05	8.96	8.32	7.74	7.23	7.03
2015-05-23	13.54	13.52	13.37	12.53	10.67	9.47	8.57	7.85	7.44	7.21
2015-05-24	13.57	13.53	13.45	13.16	12.32	10.3	8.46	7.95	7.55	7.4
2015-05-25	14.63	14.38	14.16	13.3	11.63	9.9	8.74	8.03	7.64	7.42
2015-05-26	15.71	15.15	14.72	13.02	11.66	10.08	8.66	8.01	7.65	7.46
2015-05-27	16.95	15.98	14.93	13.84	12.21	10.24	8.94	8.09	7.68	7.49
2015-05-28	18.37	17.14	15.5	13.62	11.81	10.32	9.24	8.32	7.82	7.56
2015-05-29	18.85	17.9	16.28	14.22	12.51	10.36	9.01	8.37	7.84	7.66
2015-05-30	19.69	19.63	19.49	14.57	11.95	10.52	9.33	8.46	7.96	7.7
2015-05-31	19.38	19.3	18.37	13.72	11.98	10.69	9.46	8.59	8.12	7.83
2015-06-01	18.2	18.22	18.21	14.88	12.27	10.55	9.55	8.67	8.16	7.91
2015-06-02	17.38	17.4	17.4	14.95	12.3	10.41	9.53	8.61	8.11	7.93
2015-06-03	16.88	16.88	16.86	15.74	12.2	10.47	9.61	8.59	8.1	7.89
2015-06-04	17.02	16.75	16.63	16.49	13.09	10.54	9.46	8.56	8.11	7.89
2015-06-05	17.31	17.22	17.17	16.98	13.11	10.58	9.62	8.61	8.1	7.91
2015-06-06	17.44	17.4	17.28	16.6	12.41	10.65	9.64	8.75	8.19	7.96
2015-06-07	17.6	17.33	17.18	16.87	13.86	11.1	9.53	8.74	8.18	7.98
2015-06-08	17.41	17.41	17.31	17.17	15.69	11.15	9.67	8.79	8.23	8.01
2015-06-09	17.31	17.3	17.26	17.11	14.38	11.1	9.88	8.86	8.25	8
2015-06-10	17.82	17.42	17.28	16.99	14.17	11.12	9.9	8.88	8.28	8.03
2015-06-11	18.55	17.92	17.48	16.68	14.44	11.07	9.91	8.92	8.35	8.04
2015-06-12	18.75	18.41	17.64	16.77	14.8	11.3	9.85	8.94	8.46	8.16
2015-06-13	18.88	18.6	17.54	16.5	14.24	11.74	10.09	9.01	8.47	8.29
2015-06-14	19.26	18.85	18.28	17.09	15.17	11.79	10.15	9.03	8.45	8.21
2015-06-15	19.46	19.27	19.09	18.16	14.79	11.75	10	9.04	8.53	8.31
2015-06-16	19.16	19.12	19.04	17.46	14.62	11.79	10.06	9	8.52	8.31
2015-06-17	19.14	19	18.64	16.88	14.88	11.82	10.15	9.1	8.56	8.32
2015-06-18	19.54	19.45	19.3	18.77	16.26	11.86	10.07	9.09	8.58	8.36
2015-06-19	19.91	19.82	19.49	18.25	15.41	12.06	10.42	9.13	8.64	8.41
2015-06-20	19.92	19.8	19.63	19.09	16.82	12.59	10.21	9.11	8.59	8.41
2015-06-21	19.9	19.9	19.85	19.18	15.86	12.72	10.34	9.15	8.61	8.43
2015-06-22	20.02	19.61	19.47	18.99	16.04	12.7	10.29	9.17	8.59	8.4
2015-06-23	20.35	20.08	19.77	19.54	16.72	12.64	10.38	9.17	8.66	8.47
2015-06-24	20.15	20.08	19.86	18.68	16.13	13.14	10.42	9.19	8.71	8.45
2015-06-25	20.2	20.12	19.89	18.77	16.68	12.99	10.54	9.15	8.66	8.46
2015-06-26	20.72	20.15	19.98	19.19	16.42	12.97	10.44	9.26	8.73	8.49
2015-06-27	21.36	20.69	20.07	18.91	16.63	13.3	10.4	9.18	8.7	8.52
2015-06-28	20.83	20.84	20.69	18.95	16.4	13.17	10.87	9.33	8.79	8.59
2015-06-29	20.25	20.15	20.03	19.52	16.77	13.07	10.69	9.27	8.77	8.54
2015-06-30	21.22	20.69	20.06	19.15	16.55	13.54	10.57	9.22	8.76	8.54
2015-07-01	21.8	21.66	20.38	19.23	16.64	13.17	10.75	9.23	8.79	8.58
2015-07-02	21.67	21.4	20.3	19.09	16.47	13.35	10.67	9.23	8.77	8.55
2015-07-03	21.4	20.96	19.95	19.02	16.58	13.28	10.89	9.29	8.78	8.57
2015-07-04	21.52	21.19	20.71	19.39	16.36	13.27	10.68	9.39	8.86	8.61
2015-07-05	22.18	21.49	20.15	19.06	16.36	13.26	10.69	9.27	8.84	8.66
2015-07-06	22.67	21.91	20.8	19.62	16.71	13.32	10.75	9.3	8.83	8.63
2015-07-07	23.42	23.25	21.81	20.26	17.05	13.81	10.63	9.32	8.88	8.62
2015-07-08	23.5	23.24	22.11	19.41	16.79	13.55	11.41	9.62	8.95	8.71
2015-07-09	23.18	22.89	22.52	20.24	16.91	13.67	11.03	9.43	8.89	8.69
2015-07-10	23.39	23.01	22.23	19.91	16.64	13.72	11.09	9.44	8.91	8.7
2015-07-11	23.66	23.18	22.42	20.36	16.69	13.73	11.21	9.48	8.93	8.65
2015-07-12	24.56	23.34	22.49	19.89	16.63	13.69	11.08	9.5	8.95	8.7
2015-07-13	24.43	23.73	22.63	20.49	16.7	13.73	11.22	9.49	8.95	8.69
2015-07-14	24.81	24.65	23.64	21.23	17.01	14.02	11.01	9.55	8.99	8.72
2015-07-15	24.47	24.41	23.81	19.82	16.88	14.06	11.56	9.82	9.13	8.82
2015-07-16	23.42	23.36	23.21	20.79	17.06	13.95	11.27	9.67	9.13	8.86
2015-07-17	23.49	23.29	23.11	22.23	17.11	13.88	11.53	9.71	9.15	8.91
2015-07-18	23.37	23.38	23.32	23.09	16.83	13.98	11.28	9.75	9.15	8.85
2015-07-19	23.4	23.11	23	22.28	17.19	13.92	11.53	9.77	9.2	8.9
2015-07-20	23.9	23.54	23.26	22.24	16.77	14	11.53	9.78	9.2	8.95
2015-07-21	24.14	23.63	22.97	22.06	17.39	13.95	11.47	9.76	9.2	8.95
2015-07-22	23.95	23.87	23.11	21.57	17.01	14.23	11.55	9.88	9.24	8.98
2015-07-23	23.61	23.56	23.47	21.48	17.64	14.13	11.68	9.87	9.26	8.99
2015-07-24	23.43	23.39	23.22	21.35	17.48	14.08	11.57	9.86	9.31	9.03
2015-07-25	23.21	23.16	23.07	21.95	17.77	14.1	11.69	9.84	9.31	9.03
2015-07-26	22.83	22.84	22.85	22.81	17.4	14.24	11.44	9.9	9.31	9.06
2015-07-27	22.69	22.54	22.49	22.16	17.43	14.04	11.67	9.87	9.28	9.01
2015-07-28	23.52	22.88	22.51	21.87	17.67	14.13	11.66	9.85	9.27	9.04
2015-07-29	24.45	23.07	22.44	21.92	17.62	14.15	11.54	9.9	9.31	9.06
2015-07-30	25.36	23.75	22.62	21.94	17.66	14.23	11.59	9.91	9.32	9.08
2015-07-31	25.76	24.19	22.6	21.62	17.76	14.32	11.75	10.03	9.42	9.11
2015-08-01	25.05	24.37	22.69	21.63	17.3	14.32	11.62	9.97	9.38	9.13
2015-08-02	24.88	24.46	23.13	21.96	18.13	14.12	11.8	10.06	9.42	9.18
2015-08-03	24.85	24.83	24.35	22.86	18.49	14.82	11.76	10.05	9.44	9.14
2015-08-04	24.96	24.88	24.02	22.27	18.23	14.64	12.35	10.27	9.59	9.23
2015-08-05	24.98	24.82	23.81	22.56	17.86	14.64	12.23	10.18	9.59	9.25
2015-08-06	24.27	24.27	23.89	22.42	17.91	14.72	12.09	10.23	9.62	9.32
2015-08-07	24.19	23.92	23.74	22.45	17.98	14.55	12.1	10.33	9.65	9.33
2015-08-08	24	23.82	23.62	22.27	18.32	14.55	12.04	10.21	9.61	9.33
2015-08-09	24.08	24	23.74	22.56	17.82	14.82	12.08	10.24	9.62	9.34
2015-08-10	24.33	24.06	23.85	23.35	18.19	14.59	12.33	10.26	9.65	9.38
2015-08-11	24.09	24.1	24.06	23.87	18.41	14.81	12.1	10.31	9.68	9.37
2015-08-12	23.8	23.56	23.45	22.88	18.35	14.95	12.49	10.49	9.77	9.48
2015-08-13	24.11	23.62	23.23	22.89	18.61	14.81	12.32	10.32	9.72	9.49
2015-08-14	24.07	23.88	23.58	23.16	18.39	14.77	12.32	10.3	9.7	9.47
2015-08-15	24.35	24.04	23.81	22.85	18.39	14.88	12.29	10.33	9.75	9.42
2015-08-16	25.1	24.12	23.55	22.89	18.73	14.85	12.28	10.33	9.74	9.44
2015-08-17	26.02	24.34	23.65	22.94	18.66	14.85	12.33	10.29	9.7	9.43
2015-08-18	26.81	24.66	23.76	22.88	19.07	14.86	12.29	10.35	9.73	9.39
2015-08-19	27.28	25.5	24.21	23.09	18.78	14.98	12.25	10.35	9.77	9.44
2015-08-20	26.89	26.85	25.47	23.16	19.17	15	12.33	10.5	9.82	9.45
2015-08-21	26.22	26.24	26.24	22.79	19.09	15.09	12.47	10.59	9.86	9.5
2015-08-22	25.92	25.79	24.86	23.02	18.91	15.22	12.47	10.6	9.92	9.57
2015-08-23	25.36	25.37	25.12	23.42	18.76	15.11	12.41	10.51	9.88	9.63
2015-08-24	25.42	25.19	25.09	23.63	18.77	15.12	12.54	10.53	9.91	9.63
2015-08-25	25.34	25.33	25.25	23.51	19.16	15.12	12.45	10.53	9.88	9.6
2015-08-26	25.06	24.97	24.83	23.52	19.05	15.26	12.45	10.57	9.89	9.59
2015-08-27	24.8	24.7	24.47	23.6	18.85	15.24	12.56	10.61	9.94	9.67
2015-08-28	24.48	24.32	24.24	23.64	18.95	15.15	12.58	10.53	9.93	9.66
2015-08-29	24.47	24.35	24.23	24	19.08	15.2	12.4	10.58	9.93	9.67
2015-08-30	24.71	24.51	24.22	23.48	18.91	15.22	12.45	10.55	9.93	9.6
2015-08-31	24.42	24.37	24.12	23.52	19.17	15.24	12.56	10.51	9.92	9.62
2015-09-01	24.29	24.1	23.94	23.41	19.45	15.26	12.48	10.6	9.96	9.64
2015-09-02	24.73	24.21	24.05	23.56	19.21	15.29	12.49	10.57	9.97	9.67
2015-09-03	25.28	24.36	24.03	23.48	19.4	15.09	12.51	10.61	9.95	9.66
2015-09-04	24.39	24.11	23.9	23.68	19.51	15.33	12.3	10.59	9.96	9.62
2015-09-05	24.53	24.24	23.99	23.74	19.19	15.27	12.51	10.62	9.98	9.65
2015-09-06	24.66	24.38	24.11	23.72	19.41	15.24	12.56	10.58	9.99	9.7
2015-09-07	24.84	24.52	24.33	23.74	19.51	15.39	12.61	10.63	10.02	9.7
2015-09-08	25.26	24.68	24.19	23.49	19.47	15.31	12.53	10.58	9.98	9.71
2015-09-09	25.45	25.32	24.99	24.19	19.67	15.34	12.64	10.74	10.03	9.73
2015-09-10	25.36	25.35	24.83	23.51	19.98	15.49	12.67	10.69	10.03	9.76
2015-09-11	24.29	24.31	24.3	23.96	19.56	15.63	12.53	10.75	10.08	9.76
2015-09-12	23.84	23.69	23.6	23.52	20.55	15.46	12.53	10.65	10.04	9.77
2015-09-13	23.52	23.54	23.52	23.3	20.51	15.53	12.53	10.65	10.05	9.79
2015-09-14	23.18	23.15	23.14	23	20.26	15.53	12.49	10.68	10.07	9.75
2015-09-15	22.88	22.88	22.86	22.7	20.31	15.54	12.54	10.64	10.04	9.76
2015-09-16	23.19	22.7	22.66	22.61	21.01	15.44	12.54	10.68	10.07	9.77
2015-09-17	23.8	22.97	22.74	22.56	20.92	15.66	12.48	10.66	10.04	9.75
2015-09-18	23.98	23.19	22.69	22.47	21.01	15.55	12.64	10.69	10.06	9.81
2015-09-19	23.72	23.65	23.32	22.82	21.57	15.96	12.65	10.73	10.1	9.8
2015-09-20	23.31	23.31	23.23	22.92	21.16	16.18	12.76	10.83	10.12	9.84
2015-09-21	22.56	22.49	22.44	22.34	21.03	16.27	12.63	10.73	10.08	9.82
2015-09-22	22.14	22.1	22.08	22.03	21.07	16.3	12.58	10.73	10.06	9.8
2015-09-23	22.13	21.86	21.8	21.74	21.15	16.34	12.63	10.72	10.07	9.79
2015-09-24	21.74	21.7	21.66	21.58	20.93	16.29	12.67	10.72	10.07	9.82
2015-09-25	21.24	21.24	21.24	21.21	21.19	16.22	12.6	10.69	10.05	9.8
2015-09-26	20.87	20.77	20.74	20.7	20.71	16.36	12.61	10.73	10.07	9.81
2015-09-27	20.39	20.4	20.37	20.33	20.36	16.6	12.92	10.83	10.13	9.89
2015-09-28	20.22	20.17	20.08	19.96	19.95	16.72	12.78	10.73	10.09	9.83
2015-09-29	20.32	20.32	20.29	20.2	20	16.96	12.73	10.77	10.08	9.81
2015-09-30	20.01	20.03	20.03	20.01	20.01	17.45	13.05	10.95	10.17	9.87
2015-10-01	18.9	18.93	18.94	18.92	18.94	18.68	13.81	11	10.22	9.93
2015-10-02	18.09	18.12	18.13	18.11	18.13	18.06	14.5	10.99	10.2	9.88
2015-10-03	17.29	17.32	17.33	17.3	17.32	17.25	14.96	11.09	10.2	9.88
2015-10-04	16.8	16.78	16.77	16.73	16.73	16.65	15.62	11.1	10.18	9.88
2015-10-05	16.51	16.44	16.42	16.37	16.37	16.27	15.6	11.1	10.17	9.89
2015-10-06	16.36	16.32	16.29	16.25	16.26	16.15	15.59	11.25	10.16	9.86
2015-10-07	16.28	16.21	16.16	16.12	16.12	16.02	15.74	11.26	10.22	9.84
2015-10-08	16.13	16.05	16.01	15.98	16	15.94	15.55	11.3	10.18	9.85
2015-10-09	15.63	15.65	15.66	15.64	15.68	15.64	15.63	11.32	10.17	9.84
2015-10-10	15.33	15.33	15.35	15.33	15.36	15.32	15.33	11.36	10.17	9.82
2015-10-11	15.03	15.04	15.05	15.03	15.06	15.02	15.03	11.85	10.2	9.88
2015-10-12	15.18	15	14.91	14.86	14.88	14.81	14.67	12.05	10.17	9.85
2015-10-13	15.29	15.13	15.02	14.86	14.82	14.68	14.42	12.05	10.16	9.8
2015-10-14	15.2	15.19	15.13	14.95	14.78	14.54	14.4	12.33	10.2	9.85
2015-10-15	14.88	14.84	14.82	14.78	14.77	14.64	14.5	12.65	10.24	9.83
2015-10-16	14.55	14.56	14.57	14.55	14.57	14.51	14.44	12.8	10.27	9.83
2015-10-17	14.24	14.24	14.24	14.22	14.24	14.2	14.19	13.28	10.3	9.82
2015-10-18	13.67	13.69	13.7	13.67	13.69	13.64	13.65	13.59	10.31	9.83
2015-10-19	13.17	13.15	13.16	13.13	13.16	13.12	13.13	13.15	10.64	9.85
2015-10-20	12.85	12.86	12.87	12.84	12.87	12.82	12.83	12.83	11.35	9.85
