"datetime","wtr_1","wtr_3","wtr_5","wtr_7","wtr_9","wtr_11","wtr_13","wtr_15","wtr_17","wtr_19"
2017-06-14,19.72,19.23,18.31,15.44,13.72,12.1,11.36,10.34,-1e+05,9.32
2017-06-15,20.39,19.94,19.46,15.89,13.63,11.66,10.7,9.94,-1e+05,9.39
2017-06-16,20.14,20.17,20.14,17.16,13.39,11.6,10.66,9.88,-1e+05,9.31
2017-06-17,19.92,19.7,19.41,15.73,13.38,11.58,10.68,10.03,-1e+05,9.38
2017-06-18,20.37,20.07,19.63,16.74,13.33,11.53,10.74,9.96,-1e+05,9.38
2017-06-19,20.9,20.79,20.65,17.72,13.34,11.62,10.66,9.91,-1e+05,9.39
2017-06-20,21.47,21.35,21.06,16.35,13.35,11.55,10.7,10.1,-1e+05,9.46
2017-06-21,21.55,21.51,20.71,16.8,13.52,11.64,10.73,10.06,-1e+05,9.5
2017-06-22,21.69,21.56,20.19,17.03,13.3,11.72,10.72,10.11,-1e+05,9.52
2017-06-23,21.59,21.51,20.79,17.2,13.36,11.71,10.74,10.08,-1e+05,9.55
2017-06-24,22.05,21.82,21.01,16.8,13.25,11.68,10.76,10.1,-1e+05,9.55
2017-06-25,22.29,21.91,20.98,17.82,13.52,11.69,10.74,10.09,-1e+05,9.53
2017-06-26,22.35,22.15,20.67,17.17,13.68,11.8,10.75,10.06,-1e+05,9.54
2017-06-27,22.05,21.95,21.31,18.37,13.43,11.77,10.84,10.18,-1e+05,9.57
2017-06-28,22.01,22,-8675.75,-8679.95,-13032.06,-13033.33,10.79,10.17,-73984.3,-17383.33
2017-06-29,22.16,21.76,21.52,18.99,13.57,11.94,11.23,10.34,-273.14,9.65
2017-06-30,22.18,22.02,21.8,18.25,13.92,11.87,10.83,10.12,-273.14,9.63
2017-07-02,23.5,23.05,22.36,17.09,13.26,11.98,10.92,10.25,-273.14,9.59
2017-07-03,23.04,23.13,21.83,17.92,13.57,12.1,11.07,10.36,-273.14,9.68
2017-07-04,22.72,22.65,21.58,17.81,13.62,11.95,10.86,10.29,-273.14,9.7
2017-07-05,23.09,22.55,22.34,19.14,13.87,11.93,11,10.31,-273.14,9.73
2017-07-06,23.39,23.37,23.21,20.38,14.16,11.97,11,10.28,-273.14,9.73
2017-07-07,23.44,23.41,23.23,20.18,14.02,12.12,11.15,10.5,-273.14,9.83
2017-07-08,23.51,23.51,23.44,19.66,13.84,12.23,11.16,10.57,-273.14,9.92
2017-07-09,23.93,23.51,22.89,19.83,13.72,12.12,11.16,10.51,-273.14,9.96
2017-07-10,23.57,23.47,23.19,20.29,13.57,12.05,11.22,10.49,-273.14,9.97
2017-07-11,23.83,23.8,23.73,20.11,14.1,12.05,11.11,10.44,-273.14,9.88
2017-07-12,24.05,23.98,23.57,21.22,16.05,12.92,11.62,10.74,-133.07,10.07
2017-07-13,23.43,23.41,23.34,23.17,18.45,13.15,11.97,10.91,10.29,10.11
2017-07-14,23.31,23.13,22.97,22.91,18.72,13.03,11.9,10.96,10.26,10.11
2017-07-15,23.27,23.22,23.17,23.11,18.25,13.11,11.89,10.92,10.23,10.13
2017-07-16,23.84,23.42,23.21,23.03,19,13.15,11.85,10.98,10.23,10.09
2017-07-17,24.55,24.04,23.38,22.83,19.62,13.37,11.92,10.95,10.28,10.13
2017-07-18,24.64,24.58,24.4,23.4,18.71,13.3,12.01,10.98,10.37,10.17
2017-07-19,25.35,24.82,23.42,22.86,19.4,13.14,11.99,10.98,10.34,10.17
2017-07-20,26.1,24.51,23.52,22.56,16.83,13.01,11.89,10.97,10.31,10.12
2017-07-21,26.57,24.59,23.55,21.41,14.73,12.27,11.25,10.58,10.15,9.97
2017-07-22,26.46,-8310.61,23.47,20.89,-8320.92,-8322.25,-8323.08,-8323.67,10.14,9.98
2017-07-25,23.87,23.77,23.59,20.04,14.49,12.27,11.38,10.56,10.13,10
2017-07-26,24.81,24.24,23.81,-2417.14,14.66,12.35,11.44,10.54,10.14,-2429.21
2017-07-27,24.18,24.16,24.02,22.25,14.48,12.32,11.32,10.54,10.13,9.99
2017-07-28,24.26,23.99,23.73,21.01,14.86,12.29,11.38,10.56,10.13,10.01
2017-07-29,23.68,23.65,23.54,21.98,14.81,12.31,11.35,10.57,10.15,10.01
2017-07-30,23.51,23.46,23.37,21.52,14.95,12.36,11.33,10.59,10.15,10.02
2017-07-31,23.92,23.67,23.5,22.49,14.63,12.31,11.34,10.63,10.16,10.01
2017-08-01,24.63,24.05,23.36,22.04,15.15,12.4,11.29,10.57,10.16,9.99
2017-08-02,24.65,23.98,23.55,22.33,14.9,12.35,11.39,10.59,10.17,10.04
2017-08-03,25.46,25.24,24.27,22.16,15.26,12.43,11.28,10.6,10.16,9.99
2017-08-04,25.56,25.53,-3424.88,-1126.94,-6881.84,-5735.36,11.41,10.62,10.19,-1139.5
2017-08-05,25.14,25.13,25.08,24.66,16.43,12.72,11.46,10.6,10.3,10.08
2017-08-06,24.56,24.56,24.39,21.89,15.97,12.85,11.14,10.74,10.26,10.22
2017-08-07,24,23.92,23.79,22.57,15.77,12.64,11.3,10.81,10.31,10.12
2017-08-09,23.76,23.62,23.54,22.43,15.54,12.84,11.68,10.57,10.31,10.2
2017-08-10,24.03,23.98,23.56,22.45,16.37,12.64,11.47,10.75,10.31,10.14
2017-08-11,23.86,23.8,23.68,22.53,16.45,12.81,11.47,10.72,10.32,10.17
2017-08-12,23.93,23.91,23.87,23.14,16.26,12.87,11.47,10.74,10.31,10.2
2017-08-13,23.9,23.87,23.7,22.75,16.33,12.84,11.48,10.78,10.34,10.18
2017-08-14,23.81,23.75,23.66,22.98,16.62,12.88,11.51,10.73,10.32,10.2
2017-08-15,23.95,23.9,23.83,23.08,16.72,12.88,11.39,10.74,10.3,10.18
2017-08-16,23.9,23.91,23.82,22.4,16.53,13.04,11.55,10.8,10.36,10.24
2017-08-17,23.43,23.45,23.39,22.54,17.06,13.17,11.56,10.78,10.34,10.23
2017-08-18,22.9,22.93,22.93,22.75,17.3,13.01,11.54,10.84,10.41,10.24
2017-08-19,22.67,22.54,22.49,22.43,16.91,13.15,11.55,10.78,10.38,10.25
2017-08-20,22.95,22.85,22.51,22.18,16.89,13.26,11.69,10.81,10.37,10.24
2017-08-21,23,22.87,22.67,22.47,17.4,13.19,11.6,10.86,10.4,10.25
2017-08-22,23.44,23.33,23.06,22.61,17.92,13.33,11.56,10.79,10.39,10.27
2017-08-23,23.74,23.71,23.39,22.84,17.37,13.43,11.7,10.81,10.41,10.28
2017-08-24,23.44,23.41,23.25,22.51,17.72,13.31,11.67,10.84,10.41,10.28
2017-08-25,22.95,22.96,22.93,22.26,17.74,13.34,11.65,10.87,10.42,10.26
2017-09-11,19.7,19.53,19.29,19.22,18.97,14.69,11.94,10.95,10.54,10.33
2017-09-12,19.87,19.49,19.31,19.21,19.14,14.45,11.79,10.94,10.52,10.34
2017-09-13,20.19,19.9,19.32,19.12,18.91,14.7,11.86,10.96,10.53,10.36
2017-09-14,20.64,20.22,19.54,19.1,18.8,14.72,11.88,10.98,10.54,10.37
2017-09-15,21.02,20,19.44,19.19,18.85,14.77,11.9,10.97,10.52,10.37
2017-09-16,21.25,20.65,20.12,19.37,18.97,14.83,11.91,10.95,10.52,10.34
2017-09-17,21.79,20.99,19.94,19.3,18.76,15.37,11.82,10.98,10.51,10.34
2017-09-18,21.77,21.79,21.46,19.57,18.98,14.83,12.14,10.98,10.52,10.42
2017-10-03,18.89,18.92,18.9,18.83,18.82,16.64,12.2,11.04,10.55,10.36
2017-10-04,18.78,18.79,18.76,18.7,18.71,16.5,12.21,11.04,10.56,10.38
2017-10-05,18.99,18.83,18.76,18.67,18.61,16.76,12.35,11.05,10.57,10.41
2017-10-06,18.59,18.61,18.59,18.53,18.46,17.31,12.15,11.05,10.56,10.4
2017-10-07,18.39,18.41,18.39,18.36,18.39,17.13,12.34,11.05,10.57,10.4
2017-10-08,18.41,18.43,18.42,18.39,18.4,18.08,12.31,11.14,10.6,10.4
2017-10-09,18.41,18.41,18.39,18.35,18.37,17.62,12.4,11.08,10.58,10.41
2017-10-10,18.6,18.53,18.41,18.34,18.31,17.39,12.55,11.09,10.58,10.45
2017-10-11,18.35,18.37,18.33,18.29,18.29,17.47,12.32,11.18,10.63,10.46
