"datetime","wtr_1","wtr_3","wtr_5","wtr_7","wtr_9","wtr_11","wtr_13","wtr_15","wtr_17","wtr_19"
2016-04-16,6.02,6.02,5.96,5.87,5.87,5.79,5.78,5.78,5.64,5.64
2016-04-17,6.83,6.23,5.99,5.89,5.88,5.82,5.83,5.85,5.74,5.75
2016-04-18,7.38,6.69,6.25,5.96,5.93,5.85,5.84,5.85,5.72,5.72
2016-04-19,7.41,7.08,6.82,6.54,6.32,6.04,5.95,5.92,5.78,5.77
2016-04-20,6.87,6.89,6.88,6.81,6.75,6.64,6.56,6.52,6.35,6.26
2016-04-21,7.88,7.27,7.04,6.89,6.87,6.79,6.75,6.72,6.5,6.4
2016-04-22,8.94,8.12,7.43,7.12,6.95,6.82,6.78,6.75,6.49,6.34
2016-04-23,8.87,8.51,8.09,7.73,7.5,7.21,7.02,6.91,6.72,6.58
2016-04-24,8.04,8.06,8.06,8.01,7.97,7.82,7.67,7.49,7.08,6.82
2016-04-25,8.33,8.26,8.19,8.12,8.09,7.95,7.86,7.78,7.43,7.19
2016-04-26,8.21,8.12,8.06,8,7.99,7.89,7.89,7.89,7.67,7.48
2016-04-27,8.52,8.5,8.38,8.09,7.98,7.89,7.86,7.86,7.68,7.52
2016-04-28,8.26,8.24,8.19,8.11,8.1,8.03,8,7.95,7.76,7.59
2016-04-29,8.75,8.68,8.56,8.41,8.36,8.25,8.2,8.19,7.97,7.83
2016-04-30,9.62,9.23,8.95,8.67,8.6,8.47,8.41,8.38,8.2,8.11
2016-05-01,9.97,9.88,9.66,9.42,9.06,8.65,8.4,8.29,8.1,8
2016-05-02,9.76,9.76,9.62,9.39,9.26,8.8,8.45,8.35,8.14,8.1
2016-05-03,9.77,9.56,9.38,9.17,9,8.79,8.57,8.48,8.27,8.17
2016-05-04,9.78,9.51,9.33,9.14,9.01,8.82,8.56,8.39,8.23,8.17
2016-05-05,9.42,9.42,9.34,9.21,9.11,8.96,8.8,8.59,8.34,8.23
2016-05-06,10,9.75,9.62,9.52,9.43,9.26,9.08,8.75,8.38,8.24
2016-05-07,11.17,10.54,10.07,9.66,9.51,9.3,9.12,8.92,8.59,8.41
2016-05-08,11.21,11.15,10.91,10.53,10.02,9.42,9.17,8.88,8.57,8.43
2016-05-09,10.65,10.66,10.61,10.3,9.86,9.49,9.22,9.09,8.82,8.58
2016-05-10,10.44,10.38,10.26,9.97,9.93,9.75,9.28,9.08,8.76,8.62
2016-05-11,10.47,10.44,10.38,10.23,10.04,9.72,9.47,9.16,8.84,8.68
2016-05-12,11.79,11.2,10.88,10.61,10.51,10.15,9.72,9.41,9.12,8.94
2016-05-13,12.81,12.55,12.08,11.37,10.5,10.06,9.59,9.38,9.13,8.99
2016-05-14,13.45,12.99,12.45,11.03,10.36,9.93,9.67,9.49,9.2,9.06
2016-05-15,13.83,13.56,12.54,10.8,10.33,10.02,9.69,9.5,9.27,9.15
2016-05-16,11.95,11.95,11.76,10.93,10.63,10.16,9.85,9.67,9.4,9.26
2016-05-17,11.38,11.31,11.15,10.94,10.66,10.33,10.06,9.85,9.54,9.38
2016-05-18,12.04,11.59,11.34,11.16,10.91,10.47,10.16,9.97,9.61,9.49
2016-05-19,13.82,13.01,11.88,11.36,11.07,10.52,10.09,9.85,9.63,9.59
2016-05-20,14.39,12.68,11.83,11.36,10.97,10.39,10.08,9.88,9.63,9.5
2016-05-21,15.12,14.01,12.84,12.03,11.39,10.7,10.14,9.9,9.62,9.55
2016-05-22,16.11,15.27,13.51,12.21,11.22,10.6,10.29,10.02,9.73,9.57
2016-05-23,16.98,15.65,13.44,12.17,11.25,10.75,10.34,10.05,9.76,9.67
2016-05-24,17.79,17.25,14.57,12.44,11.45,10.87,10.53,10.28,9.88,9.72
2016-05-25,18.26,18.1,14.89,12.28,11.13,10.7,10.39,10.17,9.87,9.77
2016-05-26,19.01,17.5,14.56,12.68,11.56,10.81,10.53,10.22,9.91,9.79
2016-05-27,19.29,19.07,16.86,12.49,11.29,10.8,10.5,10.32,9.98,9.78
2016-05-28,19.7,19.13,15.73,12.51,11.47,10.85,10.49,10.27,9.97,9.81
2016-05-29,20.36,20.05,18.43,13.39,11.44,10.71,10.44,10.24,9.96,9.82
2016-05-30,19.99,19.97,19.84,12.69,11.62,10.91,10.49,10.29,9.97,9.81
2016-05-31,20.38,19.78,15.65,12.59,11.5,10.81,10.47,10.32,10.03,9.9
2016-06-01,20.29,19.86,16.73,13.19,11.5,10.83,10.52,10.36,10.06,9.94
2016-06-02,20.53,20.5,20.03,14.68,11.69,11.05,10.61,10.37,10.11,9.98
2016-06-03,19.87,19.9,19.91,12.88,11.63,11.03,10.6,10.4,10.11,10.01
2016-06-04,20.19,19.67,19.31,13.08,11.6,10.92,10.59,10.4,10.18,10.04
2016-06-05,20.28,20.09,19.21,14.11,11.68,10.99,10.61,10.36,10.13,10.02
2016-06-06,20.16,20.01,19.14,13.47,11.76,11.1,10.66,10.4,10.11,10.02
2016-06-07,20.48,20.06,18.54,13.85,11.6,10.97,10.57,10.42,10.16,10.05
2016-06-08,19.95,19.82,17.62,13.58,11.62,11.01,10.65,10.42,10.14,10.03
2016-06-09,18.46,18.32,16.69,13.12,11.83,11.18,10.73,10.51,10.23,10.1
2016-06-10,17.38,17.27,16.83,14.12,12.06,11.33,10.78,10.62,10.32,10.17
2016-06-11,17.58,17.5,17.37,16.24,12.13,11.26,10.81,10.59,10.34,10.22
2016-06-12,17.6,17.6,17.43,15.2,11.89,11.27,10.88,10.65,10.33,10.19
2016-06-13,16.79,16.81,16.77,14.94,12.12,11.39,10.91,10.65,10.36,10.24
2016-06-14,16.24,16.24,16.2,15.91,12.96,11.54,10.98,10.72,10.44,10.31
2016-06-15,16.43,16.41,16.37,16.15,13.89,11.64,10.93,10.74,10.48,10.35
2016-06-16,17.01,16.93,16.71,16.48,14.44,11.78,10.91,10.73,10.52,10.38
2016-06-17,18.02,17.29,16.98,16.78,14.89,11.81,10.94,10.72,10.48,10.37
2016-06-18,18.98,18.38,17.56,17.03,14.81,12.07,10.99,10.72,10.5,10.38
2016-06-19,19.55,19.51,19.42,17.47,14.8,12.09,11.1,10.74,10.5,10.36
2016-06-20,20.16,19.94,19.7,17.65,14.88,12.28,11.18,10.78,10.52,10.39
2016-06-21,20.73,20.42,19.33,17.17,14.8,12.36,11.37,10.87,10.56,10.44
2016-06-22,20.25,20.05,19.61,17.4,14.94,12.31,11.38,10.83,10.55,10.43
2016-06-23,20.37,20.27,19.8,17.26,14.76,12.51,11.38,10.91,10.6,10.45
2016-06-24,20.95,20.67,19.63,17.35,14.92,12.51,11.35,10.88,10.58,10.47
2016-06-25,21.54,21.17,19.87,17.93,14.76,12.7,11.46,10.89,10.6,10.46
2016-06-26,22.23,21.98,21.23,18,14.74,12.66,11.47,10.95,10.65,10.49
2016-06-27,22.65,22.53,21.65,17.74,14.64,12.88,11.66,11.06,10.68,10.52
2016-07-01,23.48,23.32,22.94,21.77,15.54,13.34,12,11.18,10.84,10.71
2016-07-02,23.05,23.04,22.67,19.44,14.97,13.15,11.93,11.26,10.89,10.74
2016-07-03,22.38,22.38,22.22,19.28,15.54,13.28,12.1,11.23,10.85,10.73
2016-07-04,22.56,22.34,22.1,19.82,15.2,13.21,11.96,11.35,10.94,10.76
2016-07-05,23.34,22.99,22.43,19.54,15.12,13.21,11.96,11.25,10.93,10.76
2016-07-06,24.45,23.66,22.16,19.93,15.46,13.2,12.02,11.26,10.91,10.77
2016-07-07,24.25,24.15,22.36,20.22,15.35,13.3,12.06,11.34,10.96,10.8
2016-07-08,23.03,22.96,22.7,20.3,15.43,13.27,12.11,11.34,10.98,10.84
2016-07-09,22.58,22.61,22.6,21.33,15.11,13.2,12.16,11.29,10.94,10.78
2016-07-10,22.15,22.13,22.1,21.27,15.1,13.18,12.07,11.29,10.93,10.75
2016-07-11,22.1,22,21.84,20.29,15.57,13.27,12.14,11.31,10.93,10.78
2016-07-12,22.25,22.12,21.96,21.33,15.98,13.16,11.98,11.31,10.96,10.81
2016-07-13,24.05,24.03,23.52,21.59,14.71,12.93,11.91,11.24,10.92,10.72
2016-07-14,24.11,24.12,23.86,21.88,16.24,13.44,12.21,11.37,11,10.77
2016-07-15,24.77,24.49,23.35,21.14,15.99,13.57,12.31,11.5,11.08,10.84
2016-07-16,25.25,23.95,22.84,21.28,15.81,13.53,12.33,11.49,11.09,10.93
2016-07-17,25.02,24.56,23.36,21.46,15.66,13.41,12.33,11.45,11.06,10.89
2016-07-18,25.24,25.21,24.11,21.19,16.26,13.47,12.33,11.43,11.06,10.87
2016-07-19,24.94,24.89,23.1,21.22,16.15,13.69,12.34,11.59,11.13,10.94
2016-07-20,24.08,24.06,23.58,21.2,16.05,13.76,12.41,11.56,11.16,10.97
2016-07-21,24.22,23.99,23.85,21.98,16.66,13.67,12.41,11.65,11.2,11.05
2016-07-22,24.56,24.47,24.09,21.54,16.48,13.62,12.41,11.59,11.17,11.01
2016-07-23,24.89,24.51,23.59,21.93,16.52,13.69,12.44,11.58,11.17,11
2016-07-24,24.58,24.26,23.88,22.17,16.25,13.76,12.42,11.53,11.18,10.98
2016-07-25,25.22,24.87,24.49,22.44,16.37,13.67,12.48,11.58,11.18,11
2016-07-26,25.67,25.4,24.22,21.69,16.8,13.74,12.41,11.57,11.18,10.97
2016-07-27,25.89,25.28,24.77,22.43,16.48,13.82,12.48,11.56,11.16,10.97
2016-07-28,26.48,26.19,24.59,22.14,16.7,13.67,12.38,11.62,11.18,10.97
2016-07-29,26.65,26.2,24.5,22.56,16.62,13.8,12.39,11.58,11.2,10.96
2016-07-30,26.09,25.93,25.08,22.54,16.85,13.8,12.44,11.61,11.2,10.99
2016-07-31,25.78,25.71,25.18,22.45,16.79,13.91,12.42,11.62,11.21,11
2016-08-01,25.58,25.51,25.38,22.64,16.72,13.89,12.45,11.66,11.22,11.03
2016-08-02,25.66,25.48,25.34,22.41,16.95,14.01,12.5,11.66,11.27,11.09
2016-08-03,25.89,25.66,25.5,22.61,16.78,14,12.49,11.62,11.26,11.08
2016-08-04,25.85,25.83,25.73,23.5,16.91,13.96,12.47,11.65,11.28,11.1
2016-08-05,25.78,25.78,25.71,23.62,17.17,14.11,12.47,11.69,11.29,11.12
2016-08-06,25.79,25.74,25.45,23.28,16.9,14.17,12.54,11.76,11.36,11.16
2016-08-07,25.41,25.42,25.25,22.66,17.06,14.26,12.56,11.72,11.38,11.19
2016-08-08,24.79,24.82,24.77,22.46,16.91,14.14,12.57,11.76,11.38,11.19
2016-08-09,24.51,24.39,24.27,23.58,16.94,14.12,12.51,11.76,11.38,11.2
2016-08-10,24.39,24.42,24.38,23.83,17.24,14.17,12.61,11.7,11.37,11.2
2016-08-11,24.73,24.46,24.31,23.64,17.02,14.35,12.64,11.81,11.41,11.23
2016-08-12,24.78,24.58,24.29,23.36,17.3,14.32,12.75,11.81,11.43,11.26
2016-08-13,24.34,24.36,24.22,23.79,17.15,14.27,12.54,11.84,11.46,11.28
2016-08-14,24.32,24.06,23.97,23.84,16.91,14.27,12.61,11.79,11.41,11.26
2016-08-15,24.46,24.2,23.92,23.04,17.43,14.27,12.67,11.81,11.43,11.25
2016-08-16,24.24,24.23,24.11,23.94,17.52,14.26,12.67,11.8,11.43,11.26
2016-08-17,24.17,24.19,24.09,23.51,17.23,14.56,12.67,11.8,11.43,11.21
2016-08-18,24.09,23.92,23.83,23.75,18.24,14.39,12.78,11.81,11.43,11.28
2016-08-19,23.99,23.94,23.8,23.46,18.33,14.52,12.74,11.83,11.45,11.27
2016-08-20,24.03,23.98,23.89,23.76,19.32,14.55,12.73,11.81,11.42,11.24
2016-08-21,24.01,24.05,24.03,23.97,20.2,14.68,12.7,11.84,11.47,11.28
2016-08-22,23.76,23.8,23.79,23.7,18.47,15,13.01,11.9,11.52,11.34
2016-08-23,23.42,23.37,23.28,23.15,19.59,14.77,12.92,11.86,11.49,11.35
2016-08-24,23.7,23.46,23.26,23.1,19.71,14.98,12.79,11.84,11.48,11.32
2016-08-25,23.77,23.73,23.57,23.44,20.15,14.99,12.94,11.85,11.49,11.37
2016-08-26,24.14,23.86,23.66,23.38,19.56,15.1,12.85,11.86,11.47,11.32
2016-08-27,23.92,23.77,23.49,23.11,19.96,14.96,12.87,11.85,11.48,11.31
2016-08-28,23.91,23.92,23.84,23.71,21.37,14.97,12.77,11.83,11.45,11.25
2016-08-29,23.75,23.79,23.75,23.59,20.23,15.39,12.86,11.84,11.49,11.28
2016-08-30,23.54,23.48,23.38,23.32,20.63,15.06,12.88,11.85,11.47,11.28
2016-08-31,23.38,23.41,23.35,23.25,20.45,15.32,12.75,11.82,-199.02,11.25
2016-09-01,23.34,23.31,23.24,23.15,20.15,15.17,12.84,11.82,-273.14,11.28
2016-09-02,22.92,22.96,22.94,22.9,20.3,15.41,12.83,11.83,-273.14,11.27
2016-09-03,22.85,22.78,22.68,22.62,21.01,15.35,12.85,11.86,-273.14,11.23
2016-09-04,22.99,22.81,22.67,22.58,21.59,15.29,12.82,11.83,-273.14,11.23
2016-09-05,23.12,22.98,22.8,22.7,21.47,15.42,12.79,11.82,-273.14,11.23
2016-09-06,22.97,22.91,22.76,22.55,20.95,15.33,12.88,11.84,-273.14,11.23
2016-09-07,23.1,23.06,22.85,22.6,21.5,15.54,12.82,11.81,-273.14,11.19
2016-09-08,23.19,23.16,23.07,22.78,21.18,15.44,12.83,11.83,-273.14,11.19
2016-09-09,23.41,23.27,23.06,22.89,20.97,15.65,12.85,11.82,-273.14,11.18
2016-09-10,23.3,23.16,23.05,22.83,21.49,15.38,12.88,11.89,-273.14,11.19
2016-09-11,23.2,23.24,23.21,23.03,21.06,16.04,12.83,11.88,-273.14,11.22
2016-09-12,22.68,22.69,22.58,22.5,21,15.8,12.93,11.87,-273.14,11.26
2016-09-13,22.54,22.54,22.47,22.3,21.36,16,12.84,11.88,-273.14,11.22
2016-09-14,22.33,22.35,22.31,22.23,21.26,16.16,12.93,11.91,-273.14,11.25
2016-09-15,21.85,21.86,21.82,21.75,21.23,16.1,12.92,11.92,-273.14,11.27
2016-09-16,21.53,21.54,21.46,21.4,21.29,16.2,12.83,11.9,-273.14,11.23
2016-09-17,21.35,21.37,21.36,21.31,21.29,16.35,12.86,11.89,-273.14,11.23
2016-09-18,21.32,21.31,21.19,21.12,21.08,16.29,12.96,11.92,-273.14,11.21
2016-09-19,21.58,21.51,21.22,21.03,20.89,16.79,12.85,11.89,-273.14,11.22
2016-09-20,21.83,21.67,21.32,21,20.81,16.59,13.01,11.9,-273.14,11.18
2016-09-21,21.98,21.76,21.5,21.17,20.75,17.24,12.92,11.92,-273.14,11.21
2016-09-22,21.75,21.58,21.41,21.12,20.74,17.34,13.03,11.95,-273.14,11.19
2016-09-23,21.43,21.45,21.38,21.25,20.66,17.35,13.03,11.92,-273.14,11.19
2016-09-24,20.7,20.75,20.73,20.71,20.66,17.87,13.02,11.95,-273.14,11.25
2016-09-25,20.02,20.07,20.06,20.04,20.06,17.86,13.07,12.02,-273.14,11.24
2016-09-26,19.58,19.56,19.5,19.43,19.34,18.05,13.03,11.99,-273.14,11.26
2016-09-27,19.26,19.21,19.14,19.09,18.88,18.01,13.15,11.99,-273.14,11.23
2016-09-28,18.87,18.91,18.88,18.83,18.74,17.97,13.08,11.96,-273.14,11.21
2016-09-29,18.53,18.58,18.56,18.53,18.55,18.13,13.3,11.95,-273.14,11.22
2016-09-30,18.22,18.23,18.19,18.16,18.18,18.01,13.27,11.95,-273.14,11.19
2016-10-01,17.96,18,17.96,17.93,17.94,17.84,13.35,11.94,-273.14,11.17
2016-10-02,17.8,17.85,17.81,17.78,17.81,17.75,13.34,11.95,-273.14,11.13
2016-10-03,17.74,17.73,17.69,17.67,17.69,17.61,13.63,11.93,-273.14,11.11
2016-10-04,17.58,17.61,17.57,17.55,17.57,17.51,13.67,11.93,-273.14,11.09
