"datetime","wtr_1","wtr_3","wtr_5","wtr_7","wtr_9","wtr_11","wtr_13","wtr_15","wtr_17","wtr_19"
2018-08-09,28.06,26.87,25.43,23.75,19.11,14.18,11.38,10.1,9.59,9.44
2018-08-10,27.14,26.82,25.49,24.12,19.12,14.29,11.67,10.11,9.56,9.43
2018-08-11,26.52,26.3,26.07,24.09,18.73,14.36,11.78,10.22,9.61,9.44
2018-08-12,26.29,26.25,26.07,23.78,18.58,14.01,11.44,10.05,9.54,9.34
2018-08-13,26.15,26.03,25.84,24.02,18.39,14.03,11.54,10.04,9.51,9.33
2018-08-14,26.08,26.04,25.84,24.2,18.5,14.12,11.53,10.04,9.53,9.35
2018-08-15,26.26,25.97,25.85,24.34,18.32,14.13,11.53,10.08,9.55,9.34
2018-08-16,26.13,26,25.63,23.77,18.58,14.19,11.55,10.06,9.55,9.34
2018-08-17,25.81,25.7,25.58,25.16,18.76,14.19,11.55,10.1,9.59,9.39
2018-08-18,25.61,25.61,25.51,24.24,18.51,14.29,11.34,10.08,9.56,9.37
2018-08-19,24.97,24.97,24.9,24.56,19.1,14.22,11.26,10.08,9.55,9.37
2018-08-20,24.96,24.72,24.61,24.52,18.99,14.21,11.31,10.09,9.59,9.38
2018-08-21,25.04,24.91,24.75,24.53,19.13,14.33,11.38,10.14,9.59,9.39
2018-08-22,24.63,24.62,24.59,24.49,18.64,14.35,11.38,10.12,9.6,9.39
2018-08-23,24.24,24.24,-1309.48,-1309.73,-2648.05,-2652.78,-1321.99,-1323.38,-1323.9,-1324.04
2018-08-24,24.12,24.02,-1139.14,-1139.3,-2306.21,-2311.61,11.27,10.14,-1153.3,-1153.49
2018-08-25,24.32,24.18,24.09,23.76,19.98,14.34,11.29,10.1,9.58,9.38
2018-08-26,24.33,-1291.84,-1291.94,-1292.18,-3928.37,-3933.54,-1304.67,-1305.77,-1306.31,-1306.53
2018-08-27,24.48,24.11,23.89,23.46,-1296.17,-1301.61,11.29,10.16,9.64,9.41
2018-08-28,24.86,-1425.02,-4324.63,-1426.13,-4328.72,-4334.02,-1438.03,-1439.32,-1439.81,-1440
2018-08-29,25.53,25.19,24.3,-1590.04,-1592.29,-1598.79,11.49,10.13,-1603.47,-1603.64
2018-08-30,25.07,24.97,24.13,22.79,-2202.5,-2207.86,11.26,10.26,9.66,9.46
2018-08-31,24.71,24.27,24.13,23.78,20.48,14.7,11.43,10.13,9.61,9.42
2018-09-01,24.36,24.27,24.16,23.73,20.58,14.75,11.5,10.12,9.64,9.45
2018-09-02,24.29,24.18,24.11,23.98,20.65,14.86,11.34,10.18,9.65,9.44
2018-09-03,24.66,24.2,24.1,23.77,20.44,14.76,11.37,10.19,9.66,9.44
2018-09-04,24.6,24.47,23.92,23.23,-1566.99,-1572.68,11.42,10.21,9.68,9.48
2018-09-05,24.79,24.58,-1563.3,-1563.63,-1566.51,-1572.68,11.55,10.23,-1577.78,9.5
2018-09-06,24.85,24.69,24.35,23.18,-1979.77,-1985.17,11.37,10.21,9.68,9.48
2018-09-07,24.34,24.09,23.94,23.68,21.82,15.01,11.44,10.23,9.68,9.5
2018-09-08,23.71,23.7,23.64,23.37,-1674.87,-1679.97,11.43,10.23,9.65,9.48
2018-09-09,22.86,-1644.25,22.74,22.68,-1645.9,-1651.77,-1655.42,-1656.64,9.68,9.45
2018-09-10,22.23,22.18,22.12,22.1,21.55,15.37,11.61,10.17,9.67,9.53
2018-09-11,21.79,21.74,21.7,21.67,-8313.56,-8318.76,11.57,10.12,9.65,-8324.62
2018-09-12,21.72,21.58,21.53,21.49,21,15.12,11.91,10.21,-2847.73,-2847.94
2018-09-13,22.04,21.75,-2304.51,21.51,-2305.06,-2310.44,11.9,10.23,9.7,9.52
2018-09-15,23.06,22.3,21.91,-2417.98,-2418.67,-2423.52,11.7,10.24,-2429.58,9.51
2018-09-16,23.27,22.83,21.87,21.57,20.71,15.55,11.63,10.21,9.69,9.5
2018-09-17,23.64,23.39,22.97,21.62,21.14,15.92,12.12,10.34,9.71,9.58
2018-09-18,23.65,23.35,22.19,21.46,20.91,15.56,11.67,10.24,9.68,9.51
2018-09-19,22.38,-5534.44,-5534.62,-5534.71,-5535.9,-5541.08,11.51,10.33,-5546.33,9.48
2018-09-20,21.98,21.96,-33318.77,-33318.81,-33319.39,-33322.47,11.73,10.13,-33326.89,-16658.74
2018-09-22,20.73,20.72,20.69,20.67,20.59,15.73,12.13,10.38,-1e+05,-3562.22
2018-09-23,20.53,20.34,20.26,20.21,20.22,17.33,11.83,10.3,9.75,9.55
2018-09-24,19.74,19.63,19.59,19.6,19.6,17.62,11.75,10.27,-1e+05,9.52
2018-09-25,19.26,19.23,19.19,19.22,19.23,17.57,12.01,10.41,-1e+05,9.56
2018-09-26,19.22,19.15,-19984.76,-19984.76,-19984.75,-19985.28,-19989.97,-19991.63,-19992.18,-19992.28
2018-09-27,19.3,19.14,19.08,19.08,19.03,18.09,12.32,10.34,-1e+05,9.6
2018-09-28,19.09,18.96,18.89,18.89,18.83,17.86,12.29,10.36,-1e+05,9.56
2018-09-29,18.91,18.89,18.84,18.82,18.79,17.76,12.22,10.37,9.75,9.53
2018-09-30,18.79,18.62,18.5,18.5,18.51,18.31,12.1,10.35,9.75,9.54
2018-10-01,18.46,18.42,-33321.1,-66660.55,-33321.08,-33321.48,-33325.28,-33326.45,-1e+05,-66663.5
2018-10-03,17.75,17.64,-5246.5,-5246.48,-10510.58,-5246.82,12.48,10.32,-1e+05,-5254.17
2018-10-05,17.15,17.11,17.03,17.03,17.02,16.82,13.17,10.35,9.8,9.59
2018-10-06,17.07,16.8,16.71,16.73,16.73,16.52,14.28,10.41,9.78,9.51
2018-10-07,16.74,16.74,16.7,16.71,16.72,16.37,13.16,10.37,-1e+05,9.54
2018-10-08,16.4,16.37,16.31,16.33,16.37,16.22,14.41,10.43,-1e+05,9.52
2018-10-09,16.46,16.17,16.1,-4746.55,16.14,15.95,15.29,10.42,9.77,9.48
2018-10-10,17.46,16.87,16.53,16.41,16.29,15.95,14.43,10.41,-1e+05,9.55
2018-10-12,15.91,15.92,15.89,15.91,15.94,15.78,14.59,10.73,-1e+05,9.78
2018-10-14,15.23,15.13,15.05,15.08,15.09,14.93,14.97,10.47,-1e+05,9.54
2018-10-16,14.35,14.35,14.31,14.34,14.37,14.2,14.34,10.54,9.85,9.58
2018-10-17,14.18,14.14,14.04,14.04,14.06,13.89,14.01,12.24,9.85,9.49
2018-10-18,13.52,13.53,13.49,13.53,13.55,13.38,13.51,13.32,-1e+05,9.59
2018-10-19,13.03,13.02,12.98,13.01,13.02,12.85,12.98,13,-1e+05,9.56
2018-10-20,12.91,12.9,12.85,12.88,12.9,12.73,12.88,12.91,10.66,9.63
2018-10-21,12.6,12.61,12.57,12.61,12.64,12.49,12.63,12.6,-1e+05,9.55
2018-10-22,12.07,12.04,11.98,12.02,12.04,11.87,11.99,12.02,-1e+05,-9081.93
